0.009710550308227539
0.009520292282104492
0.0
0.0
0.0010008811950683594
0.0009999275207519531
0.0029993057250976562
0.002534627914428711
0.01352071762084961
0.0009951591491699219
0.004000425338745117
0.004992008209228516
0.0
0.0010008811950683594
0.0009927749633789062
0.004014730453491211
0.005002021789550781
0.0009393692016601562
0.0
0.0009982585906982422
0.0
0.004000425338745117
0.0009617805480957031
0.0
0.0010025501251220703
0.0009999275207519531
0.0019998550415039062
0.0046350955963134766
0.007590770721435547
0.002970457077026367
0.0009355545043945312
0.0009963512420654297
0.0010151863098144531
0.0010077953338623047
0.0035164356231689453
0.005003929138183594
0.0
0.0005140304565429688
0.0012412071228027344
0.0009944438934326172
0.002961874008178711
0.004082202911376953
0.0010018348693847656
0.0009946823120117188
0.0
0.001001119613647461
0.007132053375244141
0.010377645492553711
0.0019354820251464844
0.005110740661621094
0.0009989738464355469
0.0
0.0009484291076660156
0.005622148513793945
0.0010046958923339844
0.008001565933227539
0.006008148193359375
0.0030052661895751953
0.0020062923431396484
0.0019981861114501953
0.002007007598876953
0.0030221939086914062
0.0035347938537597656
0.004029273986816406
0.0029964447021484375
0.0019981861114501953
0.0030150413513183594
0.0
0.0025055408477783203
0.003019571304321289
0.003002643585205078
0.001989603042602539
